hs1   0   1      16.031300127999998,99.76126564639999,183.49123116479998,267.2211966832,350.95116220159997,434.68112771999995,518.4110932384,602.1410587567999,685.8710242751999,769.6009897936,853.3309553119999
hs2   1   2      6.731,27.82690999999994,48.92281999999989,70.01872999999982,91.11463999999977,112.21054999999971,133.30645999999965,154.4023699999996,175.49827999999954,196.5941899999995,217.69009999999943
hs3   3   4      0.0,26.867999999999995,53.73599999999999,80.60399999999998,107.47199999999998,134.33999999999997,161.20799999999997,188.07599999999996,214.94399999999996,241.81199999999995,268.67999999999995
hs4   5   6      -7.571399999999989,-5.7753999999999905,-3.9793999999999925,-2.1833999999999945,-0.38739999999999597,1.4086000000000025,3.2046,5.0005999999999995,6.796599999999997,8.592599999999994,10.388599999999993
hs5   7   8      0.0,2.3,4.6,6.8999999999999995,9.2,11.5,13.799999999999999,16.099999999999998,18.4,20.7,23.0
hs6   9   10     1.0,7.1,13.2,19.299999999999997,25.4,31.5,37.599999999999994,43.699999999999996,49.8,55.9,62.0
hs7   11  12     0.0,1.6,3.2,4.800000000000001,6.4,8.0,9.600000000000001,11.200000000000001,12.8,14.4,16.0
hs8   13  14     0.0,1.1,2.2,3.3000000000000003,4.4,5.5,6.6000000000000005,7.700000000000001,8.8,9.9,11.0
hs9   15  16     0.0,1.6,3.2,4.800000000000001,6.4,8.0,9.600000000000001,11.200000000000001,12.8,14.4,16.0
hs10  17  18     8.0,40.0,72.0,104.0,136.0,168.0,200.0,232.0,264.0,296.0,328.0
hs11  19  20     0.0,1.1,2.2,3.3000000000000003,4.4,5.5,6.6000000000000005,7.700000000000001,8.8,9.9,11.0 
hs12  21  22     0.0,1.6,3.2,4.800000000000001,6.4,8.0,9.600000000000001,11.200000000000001,12.8,14.4,16.0
hs13  23  24     0.0,0.8,1.6,2.4000000000000004,3.2,4.0,4.800000000000001,5.6000000000000005,6.4,7.2,8.0
hs14  25  26     0.0,0.7,1.4,2.0999999999999996,2.8,3.5,4.199999999999999,4.8999999999999995,5.6,6.3,7.0
hs15  27  28     0.0,0.7,1.4,2.0999999999999996,2.8,3.5,4.199999999999999,4.8999999999999995,5.6,6.3,7.0
hs16  29  30     0.0,0.8,1.6,2.4000000000000004,3.2,4.0,4.800000000000001,5.6000000000000005,6.4,7.2,8.0
hs17  31  32     8.739251027829551,43.65386666412846,78.56848230042736,113.48309793672627,148.39771357302516,183.31232920932405,218.22694484562297,253.14156048192189,288.0561761182208,322.97079175451967,357.88540739081856
hs18  33  34     0.0,0.5382759304174601,1.0765518608349203,1.6148277912523805,2.1531037216698405,2.6913796520873006,3.229655582504761,3.767931512922221,4.306207443339681,4.844483373757141,5.382759304174601
hs19  35  36     0.0,228.03462695528657,456.06925391057314,684.1038808658598,912.1385078211463,1140.1731347764328,1368.2077617317195,1596.242388687006,1824.2770156422926,2052.311642597579,2280.3462695528656
hs20  37  38     0.0,1953634259493.666,3907268518987.332,5860902778480.998,7814537037974.664,9768171297468.33,11721805556961.996,13675439816455.662,15629074075949.328,17582708335442.994,19536342594936.66
hs21  39  41     -24.120000000000026,91.71378378378375,207.5475675675675,323.3813513513513,439.2151351351351,555.0489189189188,670.8827027027027,786.7164864864864,902.5502702702702,1018.384054054054,1134.2178378378376
hs22  42  55     2.0,40.965657668121665,79.93131533624333,118.896973004365,157.86263067248666,196.8282883406083,235.79394600873,274.75960367685167,313.7252613449733,352.69091901309497,391.6565766812166
hs23  56  57     0.0,2.5,5.0,7.5,10.0,12.5,15.0,17.5,20.0,22.5,25.0
hs24  58  59     -5.739999999999999,-4.818,-3.8959999999999995,-2.9739999999999993,-2.0519999999999996,-1.13,-0.2079999999999993,0.7140000000000004,1.6360000000000001,2.5580000000000007,3.48
hs25  60  61     0.0,0.8,1.6,2.4000000000000004,3.2,4.0,4.800000000000001,5.6000000000000005,6.4,7.2,8.0
hs26  62  63     0.0,0.1,0.2,0.30000000000000004,0.4,0.5,0.6000000000000001,0.7000000000000001,0.8,0.9,1.0
hs27  64  65     0.0,0.2,0.4,0.6000000000000001,0.8,1.0,1.2000000000000002,1.4000000000000001,1.6,1.8,2.0
hs28  66  67     0.0,0.5,1.0,1.5,2.0,2.5,3.0,3.5,4.0,4.5,5.0
hs29  68  82     7.426652776455239,42.59340752108031,77.76016226570539,112.92691701033046,148.09367175495552,183.2604264995806,218.42718124420566,253.59393598883074,288.7606907334558,323.92744547808087,359.094200222706
hs30  83  92     7.426652776455239,42.59340752108031,77.76016226570538,112.92691701033044,148.0936717549555,183.26042649958055,218.42718124420563,253.5939359888307,288.76069073345576,323.9274454780808,359.0942002227059
hs31  93  104    7.426652776455239,42.59340752108031,77.76016226570539,112.92691701033046,148.09367175495552,183.2604264995806,218.42718124420566,253.59393598883074,288.7606907334558,323.92744547808087,359.094200222706
hs32  105 115    7.426652776455239,42.59340752108031,77.76016226570539,112.92691701033046,148.09367175495552,183.2604264995806,218.42718124420566,253.59393598883074,288.7606907334558,323.92744547808087,359.094200222706
hs33  116 125    0.0,16.049999999999997,32.099999999999994,48.14999999999999,64.19999999999999,80.24999999999999,96.29999999999998,112.34999999999998,128.39999999999998,144.45,160.49999999999997
hs34  126 127    0.0,0.1,0.2,0.30000000000000004,0.4,0.5,0.6000000000000001,0.7000000000000001,0.8,0.9,1.0
hs35  128 129    -0.5,-0.4,-0.3,-0.19999999999999996,-0.09999999999999998,0.0,0.10000000000000009,0.20000000000000007,0.30000000000000004,0.4,0.5
hs36  130 133    0.0,6774.312700421974,13548.625400843948,20322.93810126592,27097.250801687896,33871.56350210987,40645.87620253184,47420.18890295382,54194.50160337579,60968.814303797764,67743.12700421974
hs37  134 135    0.0,0.10000000000000006,0.20000000000000012,0.30000000000000016,0.40000000000000024,0.5000000000000003,0.6000000000000003,0.7000000000000004,0.8000000000000005,0.9000000000000006,1.0000000000000007
hs38  136 137    0.0,0.975,1.95,2.925,3.9,4.875,5.85,6.825,7.8,8.775,9.75
hs39  138 139    0.0,0.019981683456831226,0.03996336691366245,0.05994505037049368,0.0799267338273249,0.09990841728415613,0.11989010074098735,0.1398717841978186,0.1598534676546498,0.17983515111148102,0.19981683456831226
hs40  140 140    0.0,0.1,0.2,0.30000000000000004,0.4,0.5,0.6000000000000001,0.7000000000000001,0.8,0.9,1.0
hs41  146 147    -0.5,-0.4,-0.3,-0.19999999999999996,-0.09999999999999998,0.0,0.10000000000000009,0.20000000000000007,0.30000000000000004,0.4,0.5
hs42  148 149    0.0,6.2,12.4,18.6,24.8,31.0,37.2,43.4,49.6,55.800000000000004,62.0
hs43  150 151    -4.017,42.9488,89.91460000000001,136.8804,183.8462,230.812,277.7778,324.7436,371.7094,418.6752,465.641
hs44  152 153    0.0,0.0,0.0,0.0,0.0,0.0,0.0,0.0,0.0,0.0,0.0
hs45  154 155    0.0,0.0,0.0,0.0,0.0,0.0,0.0,0.0,0.0,0.0,0.0
hs46  156 157    0.0,49.5559,99.1118,148.6677,198.2236,247.7795,297.3354,346.8913,396.4472,446.0031,495.559      
hs47  158 160    -96.693,1423.8554,2944.4037999999996,4464.9522,5985.500599999999,7506.048999999999,9026.5974,10547.1458,12067.6942,13588.2426,15108.791      
hs48  160 161    0.0,0.0,0.0,0.0,0.0,0.0,0.0,0.0,0.0,0.0,0.0
hs49  162 163    0.0,0.0,0.0,0.0,0.0,0.0,0.0,0.0,0.0,0.0,0.0

529.0000
0.0000
0.0000
0.0000  
1.0000  
0.0000  
0.0000  
0.0000 
0.0000  
1.0000  
0.0000
0.0000  
0.0000  
0.0000  
1.0000  
0.0000  
0.0000  
0.0000
0.0000  
1.0000  
0.0000  
0.0000
0.0000  
0.0000  
1.0000  
0.0000  
0.0000  
0.0000  
0.0000  
1.0000  
0.0000 
0.0000 
0.0000
0.0000  
1.0000  
0.0000  
0.0000  
0.0000  
0.0000  
1.0000  
0.0000  
0.0000  
0.0000  
0.0000
1.0000  
0.0000  
0.0000  
0.0000  
1.0000