var1   0    1    5.0000
var1   2    3    7.0000
var1   4    5    34.0000
var1   6    7    84.0000
var1   8    9    192.0000
var1   10   11   392.0000
var1   12   13   307.0000
var1   14   15   283.0000
var1   16   17   277.0000
var1   18   19   202.0000
var1   20   21   164.0000
var1   22   23   159.0000
var1   24   25   163.0000
var1   26   27   162.0000
var1   28   29   161.0000
var1   30   31   119.0000
var1   32   33   155.0000
var1   34   35   96.0000
var1   36   37   93.0000
var1   38   39   70.0000
var1   40   41   88.0000
var1   42   43   57.0000
var1   44   45   59.0000
var1   46   47   35.0000
var1   48   49   25.0000
var1   50   51   20.0000
var1   52   53   21.0000
var1   54   55   12.0000
var1   56   57   5.0000
var1   58   59   5.0000
var1   60   61   3.0000
var1   62   63   2.0000
var1   64   65   0.0000
var1   66   67   1.0000
var1   68   69   1.0000
var1   70   71   2.0000
var1   72   73   2.0000
var1   74   75   2.0000
var1   76   77   1.0000
var1   78   79   0.0000
var1   80   81   0.0000
var1   82   83   0.0000
var1   84   85   1.0000
var1   86   87   0.0000
var1   88   89   1.0000
var1   90   91   2.0000
var1   92   93   0.0000
var1   94   95   0.0000
var1   96   97   0.0000
var1   98   99   1.0000 



var2   0    1    3
var2   2    3    19
var2   4    5    32
var2   6    7    129
var2   8    9    214
var2   10   11   239
var2   12   13   371
var2   14   15   328
var2   16   17   245
var2   18   19   211
var2   20   21   139
var2   22   23   148
var2   24   25   174
var2   26   27   149
var2   28   29   140
var2   30   31   133
var2   32   33   126
var2   34   35   136
var2   36   37   89
var2   38   39   103
var2   40   41   88
var2   42   43   56
var2   44   45   56
var2   46   47   29
var2   48   49   41
var2   50   51   25
var2   52   53   10
var2   54   55   13
var2   56   57   4
var2   58   59   4
var2   60   61   1
var2   62   63   6
var2   64   65   3
var2   66   67   0
var2   68   69   1
var2   70   71   0
var2   72   73   0
var2   74   75   1
var2   76   77   0
var2   78   79   0
var2   80   81   0
var2   82   83   1
var2   84   85   1
var2   86   87   1
var2   88   89   1
var2   90   91   0
var2   92   93   0
var2   94   95   0
var2   96   97   0
var2   98   99   1


var3   0    1    701
var3   2    3    89
var3   4    5    91
var3   6    7    500
var3   8    9    218
var3   10   11   93
var3   12   13   212
var3   14   15   151
var3   16   17   196
var3   18   19   181
var3   20   21   136
var3   22   23   144
var3   24   25   93
var3   26   27   102
var3   28   29   144
var3   30   31   48
var3   32   33   58
var3   34   35   56
var3   36   37   59
var3   38   39   45
var3   40   41   24
var3   42   43   18
var3   44   45   41
var3   46   47   10
var3   48   49   13
var3   50   51   1
var3   52   53   2
var3   54   55   4
var3   56   57   1
var3   58   59   6
var3   60   61   3
var3   62   63   0
var3   64   65   1
var3   66   67   9
var3   68   69   3
var3   70   71   5
var3   72   73   2
var3   74   75   6
var3   76   77   0
var3   78   79   2
var3   80   81   0
var3   82   83   1
var3   84   85   1
var3   86   87   0
var3   88   89   0
var3   90   91   0
var3   92   93   0
var3   94   95   0
var3   96   97   0
var3   98   99   1



var4   0    1    1
var4   2    3    0
var4   4    5    0
var4   6    7    0
var4   8    9    0
var4   10   11   0
var4   12   13   2
var4   14   15   2
var4   16   17   0
var4   18   19   0
var4   20   21   3
var4   22   23   8
var4   24   25   8
var4   26   27   7
var4   28   29   9
var4   30   31   8
var4   32   33   19
var4   34   35   24
var4   36   37   43
var4   38   39   44
var4   40   41   80
var4   42   43   95
var4   44   45   153
var4   46   47   209
var4   48   49   295
var4   50   51   405
var4   52   53   373
var4   54   55   336
var4   56   57   295
var4   58   59   214
var4   60   61   181
var4   62   63   151
var4   64   65   122
var4   66   67   86
var4   68   69   67
var4   70   71   60
var4   72   73   33
var4   74   75   43
var4   76   77   22
var4   78   79   24
var4   80   81   2
var4   82   83   26
var4   84   85   1
var4   86   87   9
var4   88   89   4
var4   90   91   0
var4   92   93   4
var4   94   95   0
var4   96   97   2
var4   98   99   1


var5   0    1    928
var5   2    3    0
var5   4    5    738
var5   6    7    0
var5   8    9    565
var5   10   11   0
var5   12   13   383
var5   14   15   0
var5   16   17   314
var5   18   19   0
var5   20   21   192
var5   22   23   0
var5   24   25   0
var5   26   27   131
var5   28   29   0
var5   30   31   67
var5   32   33   0
var5   34   35   60
var5   36   37   0
var5   38   39   33
var5   40   41   0
var5   42   43   22
var5   44   45   0
var5   46   47   4
var5   48   49   0
var5   50   51   0
var5   52   53   13
var5   54   55   0
var5   56   57   6
var5   58   59   0
var5   60   61   9
var5   62   63   0
var5   64   65   1
var5   66   67   0
var5   68   69   3
var5   70   71   0
var5   72   73   1
var5   74   75   0
var5   76   77   0
var5   78   79   0
var5   80   81   0
var5   82   83   0
var5   84   85   0
var5   86   87   0
var5   88   89   0
var5   90   91   0
var5   92   93   0
var5   94   95   0
var5   96   97   0
var5   98   99   1


var6   0    1    8
var6   2    3    23
var6   4    5    71
var6   6    7    101
var6   8    9    387
var6   10   11   342
var6   12   13   247
var6   14   15   214
var6   16   17   266
var6   18   19   306
var6   20   21   154
var6   22   23   142
var6   24   25   158
var6   26   27   266
var6   28   29   111
var6   30   31   133
var6   32   33   95
var6   34   35   82
var6   36   37   108
var6   38   39   40
var6   40   41   40
var6   42   43   24
var6   44   45   71
var6   46   47   15
var6   48   49   14
var6   50   51   14
var6   52   53   14
var6   54   55   12
var6   56   57   2
var6   58   59   1
var6   60   61   1
var6   62   63   1
var6   64   65   0
var6   66   67   2
var6   68   69   0
var6   70   71   0
var6   72   73   1
var6   74   75   1
var6   76   77   0
var6   78   79   0
var6   80   81   1
var6   82   83   0
var6   84   85   0
var6   86   87   1
var6   88   89   1
var6   90   91   0
var6   92   93   0
var6   94   95   0
var6   96   97   0
var6   98   99   1


var7   0    1    660
var7   2    3    0
var7   4    5    0
var7   6    7    832
var7   8    9    0
var7   10   11   0
var7   12   13   709
var7   14   15   0
var7   16   17   0
var7   18   19   419
var7   20   21   0
var7   22   23   0
var7   24   25   336
var7   26   27   0
var7   28   29   0
var7   30   31   258
var7   32   33   0
var7   34   35   0
var7   36   37   152
var7   38   39   0
var7   40   41   0
var7   42   43   33
var7   44   45   0
var7   46   47   0
var7   48   49   0
var7   50   51   30
var7   52   53   0
var7   54   55   0
var7   56   57   19
var7   58   59   0
var7   60   61   0
var7   62   63   8
var7   64   65   0
var7   66   67   0
var7   68   69   2
var7   70   71   0
var7   72   73   0
var7   74   75   6
var7   76   77   0
var7   78   79   0
var7   80   81   3
var7   82   83   0
var7   84   85   0
var7   86   87   3
var7   88   89   0
var7   90   91   0
var7   92   93   0
var7   94   95   0
var7   96   97   0
var7   98   99   1


var8   0    1    1614
var8   2    3    0
var8   4    5    0
var8   6    7    0
var8   8    9    1065
var8   10   11   0
var8   12   13   0
var8   14   15   0
var8   16   17   0
var8   18   19   557
var8   20   21   0
var8   22   23   0
var8   24   25   0
var8   26   27   123
var8   28   29   0
var8   30   31   0
var8   32   33   0
var8   34   35   0
var8   36   37   58
var8   38   39   0
var8   40   41   0
var8   42   43   0
var8   44   45   24
var8   46   47   0
var8   48   49   0
var8   50   51   0
var8   52   53   0
var8   54   55   19
var8   56   57   0
var8   58   59   0
var8   60   61   0
var8   62   63   7
var8   64   65   0
var8   66   67   0
var8   68   69   0
var8   70   71   0
var8   72   73   3
var8   74   75   0
var8   76   77   0
var8   78   79   0
var8   80   81   0
var8   82   83   0
var8   84   85   0
var8   86   87   0
var8   88   89   0
var8   90   91   0
var8   92   93   0
var8   94   95   0
var8   96   97   0
var8   98   99   1


var9   0    1    295
var9   2    3    0
var9   4    5    0
var9   6    7    680
var9   8    9    0
var9   10   11   0
var9   12   13   535
var9   14   15   0
var9   16   17   0
var9   18   19   411
var9   20   21   0
var9   22   23   0
var9   24   25   414
var9   26   27   0
var9   28   29   0
var9   30   31   417
var9   32   33   0
var9   34   35   0
var9   36   37   294
var9   38   39   0
var9   40   41   0
var9   42   43   152
var9   44   45   0
var9   46   47   0
var9   48   49   0
var9   50   51   106
var9   52   53   0
var9   54   55   0
var9   56   57   67
var9   58   59   0
var9   60   61   0
var9   62   63   44
var9   64   65   0
var9   66   67   0
var9   68   69   20
var9   70   71   0
var9   72   73   0
var9   74   75   23
var9   76   77   0
var9   78   79   0
var9   80   81   5
var9   82   83   0
var9   84   85   0
var9   86   87   3
var9   88   89   0
var9   90   91   0
var9   92   93   4
var9   94   95   0
var9   96   97   0
var9   98   99   1


var10   0    1    8
var10   2    3    25
var10   4    5    75
var10   6    7    116
var10   8    9    192
var10   10   11   410
var10   12   13   388
var10   14   15   310
var10   16   17   260
var10   18   19   148
var10   20   21   216
var10   22   23   178
var10   24   25   152
var10   26   27   201
var10   28   29   120
var10   30   31   151
var10   32   33   109
var10   34   35   74
var10   36   37   62
var10   38   39   56
var10   40   41   41
var10   42   43   32
var10   44   45   37
var10   46   47   34
var10   48   49   13
var10   50   51   25
var10   52   53   13
var10   54   55   7
var10   56   57   6
var10   58   59   2
var10   60   61   2
var10   62   63   0
var10   64   65   0
var10   66   67   1
var10   68   69   1
var10   70   71   0
var10   72   73   0
var10   74   75   1
var10   76   77   0
var10   78   79   1
var10   80   81   0
var10   82   83   0
var10   84   85   0
var10   86   87   0
var10   88   89   0
var10   90   91   1
var10   92   93   1
var10   94   95   1
var10   96   97   0
var10   98   99   1


var11   0    1    1625
var11   2    3    0
var11   4    5    0
var11   6    7    0
var11   8    9    906
var11   10   11   0
var11   12   13   0
var11   14   15   0
var11   16   17   0
var11   18   19   542
var11   20   21   0
var11   22   23   0
var11   24   25   0
var11   26   27   204
var11   28   29   0
var11   30   31   0
var11   32   33   0
var11   34   35   0
var11   36   37   115
var11   38   39   0
var11   40   41   0
var11   42   43   0
var11   44   45   41
var11   46   47   0
var11   48   49   0
var11   50   51   0
var11   52   53   0
var11   54   55   18
var11   56   57   0
var11   58   59   0
var11   60   61   0
var11   62   63   12
var11   64   65   0
var11   66   67   0
var11   68   69   0
var11   70   71   0
var11   72   73   7
var11   74   75   0
var11   76   77   0
var11   78   79   0
var11   80   81   0
var11   82   83   0
var11   84   85   0
var11   86   87   0
var11   88   89   0
var11   90   91   0
var11   92   93   0
var11   94   95   0
var11   96   97   0
var11   98   99   1

var12   0    1    681
var12   2    3    0
var12   4    5    0
var12   6    7    655
var12   8    9    0
var12   10   11   0
var12   12   13   530
var12   14   15   0
var12   16   17   0
var12   18   19   429
var12   20   21   0
var12   22   23   0
var12   24   25   401
var12   26   27   0
var12   28   29   0
var12   30   31   357
var12   32   33   0
var12   34   35   0
var12   36   37   226
var12   38   39   0
var12   40   41   0
var12   42   43   92
var12   44   45   0
var12   46   47   0
var12   48   49   0
var12   50   51   31
var12   52   53   0
var12   54   55   0
var12   56   57   22
var12   58   59   0
var12   60   61   0
var12   62   63   18
var12   64   65   0
var12   66   67   0
var12   68   69   7
var12   70   71   0
var12   72   73   0
var12   74   75   11
var12   76   77   0
var12   78   79   0
var12   80   81   6
var12   82   83   0
var12   84   85   0
var12   86   87   3
var12   88   89   0
var12   90   91   0
var12   92   93   1
var12   94   95   0
var12   96   97   0
var12   98   99   1


var13   0    1    907
var13   2    3    0
var13   4    5    0
var13   6    7    0
var13   8    9    0
var13   10   11   0
var13   12   13   1210
var13   14   15   0
var13   16   17   0
var13   18   19   0
var13   20   21   0
var13   22   23   0
var13   24   25   731
var13   26   27   0
var13   28   29   0
var13   30   31   0
var13   32   33   0
var13   34   35   0
var13   36   37   305
var13   38   39   0
var13   40   41   0
var13   42   43   0
var13   44   45   0
var13   46   47   0
var13   48   49   0
var13   50   51   235
var13   52   53   0
var13   54   55   0
var13   56   57   0
var13   58   59   0
var13   60   61   0
var13   62   63   64
var13   64   65   0
var13   66   67   0
var13   68   69   0
var13   70   71   0
var13   72   73   0
var13   74   75   7
var13   76   77   0
var13   78   79   0
var13   80   81   0
var13   82   83   0
var13   84   85   0
var13   86   87   8
var13   88   89   0
var13   90   91   0
var13   92   93   0
var13   94   95   0
var13   96   97   0
var13   98   99   4


var14   0    1    1369
var14   2    3    0
var14   4    5    0
var14   6    7    0
var14   8    9    0
var14   10   11   0
var14   12   13   0
var14   14   15   1180
var14   16   17   0
var14   18   19   0
var14   20   21   0
var14   22   23   0
var14   24   25   0
var14   26   27   0
var14   28   29   749
var14   30   31   0
var14   32   33   0
var14   34   35   0
var14   36   37   0
var14   38   39   0
var14   40   41   0
var14   42   43   126
var14   44   45   0
var14   46   47   0
var14   48   49   0
var14   50   51   0
var14   52   53   0
var14   54   55   0
var14   56   57   31
var14   58   59   0
var14   60   61   0
var14   62   63   0
var14   64   65   0
var14   66   67   0
var14   68   69   0
var14   70   71   12
var14   72   73   0
var14   74   75   0
var14   76   77   0
var14   78   79   0
var14   80   81   0
var14   82   83   0
var14   84   85   3
var14   86   87   0
var14   88   89   0
var14   90   91   0
var14   92   93   0
var14   94   95   0
var14   96   97   0
var14   98   99   1


var15   0    1    2814
var15   2    3    0
var15   4    5    0
var15   6    7    0
var15   8    9    0
var15   10   11   0
var15   12   13   0
var15   14   15   395
var15   16   17   0
var15   18   19   0
var15   20   21   0
var15   22   23   0
var15   24   25   0
var15   26   27   0
var15   28   29   103
var15   30   31   0
var15   32   33   0
var15   34   35   0
var15   36   37   0
var15   38   39   0
var15   40   41   0
var15   42   43   111
var15   44   45   0
var15   46   47   0
var15   48   49   0
var15   50   51   0
var15   52   53   0
var15   54   55   0
var15   56   57   38
var15   58   59   0
var15   60   61   0
var15   62   63   0
var15   64   65   0
var15   66   67   0
var15   68   69   0
var15   70   71   6
var15   72   73   0
var15   74   75   0
var15   76   77   0
var15   78   79   0
var15   80   81   0
var15   82   83   0
var15   84   85   2
var15   86   87   0
var15   88   89   0
var15   90   91   0
var15   92   93   0
var15   94   95   0
var15   96   97   0
var15   98   99   2


var15   0    1    2814
var15   2    3    0
var15   4    5    0
var15   6    7    0
var15   8    9    0
var15   10   11   0
var15   12   13   0
var15   14   15   395
var15   16   17   0
var15   18   19   0
var15   20   21   0
var15   22   23   0
var15   24   25   0
var15   26   27   0
var15   28   29   103
var15   30   31   0
var15   32   33   0
var15   34   35   0
var15   36   37   0
var15   38   39   0
var15   40   41   0
var15   42   43   111
var15   44   45   0
var15   46   47   0
var15   48   49   0
var15   50   51   0
var15   52   53   0
var15   54   55   0
var15   56   57   38
var15   58   59   0
var15   60   61   0
var15   62   63   0
var15   64   65   0
var15   66   67   0
var15   68   69   0
var15   70   71   6
var15   72   73   0
var15   74   75   0
var15   76   77   0
var15   78   79   0
var15   80   81   0
var15   82   83   0
var15   84   85   2
var15   86   87   0
var15   88   89   0
var15   90   91   0
var15   92   93   0
var15   94   95   0
var15   96   97   0
var15   98   99   2


var16   0    1    2560
var16   2    3    0
var16   4    5    0
var16   6    7    0
var16   8    9    0
var16   10   11   0
var16   12   13   551
var16   14   15   0
var16   16   17   0
var16   18   19   0
var16   20   21   0
var16   22   23   0
var16   24   25   125
var16   26   27   0
var16   28   29   0
var16   30   31   0
var16   32   33   0
var16   34   35   0
var16   36   37   75
var16   38   39   0
var16   40   41   0
var16   42   43   0
var16   44   45   0
var16   46   47   0
var16   48   49   0
var16   50   51   132
var16   52   53   0
var16   54   55   0
var16   56   57   0
var16   58   59   0
var16   60   61   0
var16   62   63   16
var16   64   65   0
var16   66   67   0
var16   68   69   0
var16   70   71   0
var16   72   73   0
var16   74   75   8
var16   76   77   0
var16   78   79   0
var16   80   81   0
var16   82   83   0
var16   84   85   0
var16   86   87   2
var16   88   89   0
var16   90   91   0
var16   92   93   0
var16   94   95   0
var16   96   97   0
var16   98   99   2


var17   0    1    5
var17   2    3    8
var17   4    5    41
var17   6    7    124
var17   8    9    208
var17   10   11   327
var17   12   13   378
var17   14   15   321
var17   16   17   284
var17   18   19   165
var17   20   21   157
var17   22   23   169
var17   24   25   172
var17   26   27   165
var17   28   29   123
var17   30   31   154
var17   32   33   121
var17   34   35   135
var17   36   37   82
var17   38   39   64
var17   40   41   62
var17   42   43   45
var17   44   45   36
var17   46   47   40
var17   48   49   31
var17   50   51   17
var17   52   53   11
var17   54   55   8
var17   56   57   4
var17   58   59   3
var17   60   61   2
var17   62   63   1
var17   64   65   0
var17   66   67   2
var17   68   69   0
var17   70   71   0
var17   72   73   0
var17   74   75   1
var17   76   77   1
var17   78   79   0
var17   80   81   0
var17   82   83   0
var17   84   85   1
var17   86   87   0
var17   88   89   1
var17   90   91   1
var17   92   93   0
var17   94   95   0
var17   96   97   0
var17   98   99   1


var18   0    1    2
var18   2    3    0
var18   4    5    0
var18   6    7    0
var18   8    9    0
var18   10   11   0
var18   12   13   0
var18   14   15   2
var18   16   17   1
var18   18   19   5
var18   20   21   1
var18   22   23   5
var18   24   25   8
var18   26   27   20
var18   28   29   56
var18   30   31   123
var18   32   33   76
var18   34   35   50
var18   36   37   149
var18   38   39   145
var18   40   41   161
var18   42   43   225
var18   44   45   195
var18   46   47   205
var18   48   49   248
var18   50   51   219
var18   52   53   338
var18   54   55   306
var18   56   57   293
var18   58   59   215
var18   60   61   110
var18   62   63   64
var18   64   65   68
var18   66   67   41
var18   68   69   33
var18   70   71   13
var18   72   73   8
var18   74   75   37
var18   76   77   15
var18   78   79   3
var18   80   81   19
var18   82   83   4
var18   84   85   1
var18   86   87   3
var18   88   89   1
var18   90   91   0
var18   92   93   1
var18   94   95   0
var18   96   97   0
var18   98   99   2


var19   0    1    442
var19   2    3    354
var19   4    5    160
var19   6    7    305
var19   8    9    201
var19   10   11   236
var19   12   13   221
var19   14   15   137
var19   16   17   228
var19   18   19   131
var19   20   21   127
var19   22   23   124
var19   24   25   133
var19   26   27   133
var19   28   29   123
var19   30   31   76
var19   32   33   73
var19   34   35   57
var19   36   37   27
var19   38   39   37
var19   40   41   48
var19   42   43   25
var19   44   45   13
var19   46   47   17
var19   48   49   8
var19   50   51   13
var19   52   53   9
var19   54   55   0
var19   56   57   2
var19   58   59   3
var19   60   61   2
var19   62   63   1
var19   64   65   2
var19   66   67   1
var19   68   69   1
var19   70   71   0
var19   72   73   0
var19   74   75   0
var19   76   77   0
var19   78   79   0
var19   80   81   0
var19   82   83   0
var19   84   85   0
var19   86   87   0
var19   88   89   0
var19   90   91   0
var19   92   93   0
var19   94   95   0
var19   96   97   0
var19   98   99   1

var20   0    1    3468
var20   2    3    0
var20   4    5    1
var20   6    7    1
var20   8    9    0
var20   10   11   0
var20   12   13   0
var20   14   15   0
var20   16   17   0
var20   18   19   0
var20   20   21   0
var20   22   23   0
var20   24   25   0
var20   26   27   0
var20   28   29   0
var20   30   31   0
var20   32   33   0
var20   34   35   0
var20   36   37   0
var20   38   39   0
var20   40   41   0
var20   42   43   0
var20   44   45   0
var20   46   47   0
var20   48   49   0
var20   50   51   0
var20   52   53   0
var20   54   55   0
var20   56   57   0
var20   58   59   0
var20   60   61   0
var20   62   63   0
var20   64   65   0
var20   66   67   0
var20   68   69   0
var20   70   71   0
var20   72   73   0
var20   74   75   0
var20   76   77   0
var20   78   79   0
var20   80   81   0
var20   82   83   0
var20   84   85   0
var20   86   87   0
var20   88   89   0
var20   90   91   0
var20   92   93   0
var20   94   95   0
var20   96   97   0
var20   98   99   1


var21   0     3     3
var21   6     9     2609
var21   12    15    825
var21   18    21    30
var21   24    27    2
var21   30    33    0
var21   36    39    0
var21   42    45    0
var21   48    51    0
var21   54    57    0
var21   60    63    0
var21   66    69    0
var21   72    75    0
var21   78    81    0
var21   84    87    0
var21   90    93    0
var21   96    99    0
var21   102   105   0
var21   108   111   0
var21   114   117   0
var21   120   123   0
var21   126   129   0
var21   132   135   0
var21   138   141   0
var21   144   147   0
var21   150   153   0
var21   156   159   0
var21   162   165   0
var21   168   171   0
var21   174   177   0
var21   180   183   0
var21   186   189   0
var21   192   195   0
var21   198   201   0
var21   204   207   0
var21   210   213   0
var21   216   219   0
var21   222   225   0
var21   228   231   0
var21   234   237   0
var21   240   243   0
var21   246   249   0
var21   252   255   0
var21   258   261   0
var21   264   267   0
var21   270   273   0
var21   276   279   0
var21   282   285   0
var21   288   291   0
var21   294   297   2


var22   0      14     1
var22   28     42     14
var22   56     70     59
var22   84     98     121
var22   112    126    197
var22   140    154    337
var22   168    182    416
var22   196    210    321
var22   224    238    274
var22   252    266    174
var22   280    294    174
var22   308    322    193
var22   336    350    146
var22   364    378    166
var22   392    406    167
var22   420    434    132
var22   448    462    91
var22   476    490    93
var22   504    518    60
var22   532    546    52
var22   560    574    53
var22   588    602    34
var22   616    630    50
var22   644    658    29
var22   672    686    33
var22   700    714    28
var22   728    742    18
var22   756    770    12
var22   784    798    9
var22   812    826    6
var22   840    854    2
var22   868    882    1
var22   896    910    0
var22   924    938    2
var22   952    966    0
var22   980    994    0
var22   1008   1022   1
var22   1036   1050   0
var22   1064   1078   0
var22   1092   1106   0
var22   1120   1134   1
var22   1148   1162   0
var22   1176   1190   0
var22   1204   1218   1
var22   1232   1246   0
var22   1260   1274   0
var22   1288   1302   0
var22   1316   1330   1
var22   1344   1358   1
var22   1372   1386   1


var23   0    1    8
var23   2    3    109
var23   4    5    350
var23   6    7    481
var23   8    9    417
var23   10   11   376
var23   12   13   352
var23   14   15   257
var23   16   17   283
var23   18   19   195
var23   20   21   148
var23   22   23   112
var23   24   25   101
var23   26   27   70
var23   28   29   43
var23   30   31   43
var23   32   33   27
var23   34   35   19
var23   36   37   16
var23   38   39   9
var23   40   41   14
var23   42   43   4
var23   44   45   4
var23   46   47   4
var23   48   49   4
var23   50   51   3
var23   52   53   6
var23   54   55   3
var23   56   57   2
var23   58   59   2
var23   60   61   1
var23   62   63   4
var23   64   65   1
var23   66   67   0
var23   68   69   0
var23   70   71   1
var23   72   73   0
var23   74   75   0
var23   76   77   1
var23   78   79   0
var23   80   81   0
var23   82   83   0
var23   84   85   0
var23   86   87   0
var23   88   89   0
var23   90   91   0
var23   92   93   0
var23   94   95   0
var23   96   97   0
var23   98   99   1


var24   0    1    1
var24   2    3    0
var24   4    5    0
var24   6    7    0
var24   8    9    0
var24   10   11   1
var24   12   13   2
var24   14   15   1
var24   16   17   0
var24   18   19   3
var24   20   21   2
var24   22   23   2
var24   24   25   4
var24   26   27   21
var24   28   29   24
var24   30   31   40
var24   32   33   53
var24   34   35   81
var24   36   37   94
var24   38   39   104
var24   40   41   149
var24   42   43   228
var24   44   45   317
var24   46   47   229
var24   48   49   252
var24   50   51   302
var24   52   53   204
var24   54   55   163
var24   56   57   253
var24   58   59   184
var24   60   61   342
var24   62   63   102
var24   64   65   80
var24   66   67   71
var24   68   69   42
var24   70   71   37
var24   72   73   20
var24   74   75   23
var24   76   77   19
var24   78   79   2
var24   80   81   9
var24   82   83   7
var24   84   85   1
var24   86   87   0
var24   88   89   0
var24   90   91   1
var24   92   93   0
var24   94   95   0
var24   96   97   0
var24   98   99   1


var25   0    1    2837
var25   2    3    0
var25   4    5    0
var25   6    7    0
var25   8    9    0
var25   10   11   0
var25   12   13   332
var25   14   15   0
var25   16   17   0
var25   18   19   0
var25   20   21   0
var25   22   23   0
var25   24   25   164
var25   26   27   0
var25   28   29   0
var25   30   31   0
var25   32   33   0
var25   34   35   0
var25   36   37   34
var25   38   39   0
var25   40   41   0
var25   42   43   0
var25   44   45   0
var25   46   47   0
var25   48   49   0
var25   50   51   97
var25   52   53   0
var25   54   55   0
var25   56   57   0
var25   58   59   0
var25   60   61   0
var25   62   63   5
var25   64   65   0
var25   66   67   0
var25   68   69   0
var25   70   71   0
var25   72   73   0
var25   74   75   0
var25   76   77   0
var25   78   79   0
var25   80   81   0
var25   82   83   0
var25   84   85   0
var25   86   87   0
var25   88   89   0
var25   90   91   0
var25   92   93   0
var25   94   95   0
var25   96   97   0
var25   98   99   2


var26   0    1    709
var26   2    3    0
var26   4    5    12
var26   6    7    53
var26   8    9    23
var26   10   11   33
var26   12   13   123
var26   14   15   182
var26   16   17   45
var26   18   19   36
var26   20   21   62
var26   22   23   93
var26   24   25   112
var26   26   27   29
var26   28   29   47
var26   30   31   62
var26   32   33   79
var26   34   35   22
var26   36   37   59
var26   38   39   20
var26   40   41   96
var26   42   43   30
var26   44   45   34
var26   46   47   29
var26   48   49   0
var26   50   51   107
var26   52   53   34
var26   54   55   32
var26   56   57   23
var26   58   59   24
var26   60   61   62
var26   62   63   29
var26   64   65   9
var26   66   67   80
var26   68   69   47
var26   70   71   25
var26   72   73   38
var26   74   75   61
var26   76   77   25
var26   78   79   13
var26   80   81   83
var26   82   83   53
var26   84   85   50
var26   86   87   27
var26   88   89   17
var26   90   91   40
var26   92   93   17
var26   94   95   19
var26   96   97   0
var26   98   99   566


var27   0    1    3442
var27   2    3    0
var27   4    5    0
var27   6    7    0
var27   8    9    0
var27   10   11   0
var27   12   13   0
var27   14   15   0
var27   16   17   0
var27   18   19   0
var27   20   21   0
var27   22   23   0
var27   24   25   0
var27   26   27   0
var27   28   29   0
var27   30   31   0
var27   32   33   0
var27   34   35   0
var27   36   37   0
var27   38   39   0
var27   40   41   0
var27   42   43   0
var27   44   45   0
var27   46   47   0
var27   48   49   0
var27   50   51   28
var27   52   53   0
var27   54   55   0
var27   56   57   0
var27   58   59   0
var27   60   61   0
var27   62   63   0
var27   64   65   0
var27   66   67   0
var27   68   69   0
var27   70   71   0
var27   72   73   0
var27   74   75   0
var27   76   77   0
var27   78   79   0
var27   80   81   0
var27   82   83   0
var27   84   85   0
var27   86   87   0
var27   88   89   0
var27   90   91   0
var27   92   93   0
var27   94   95   0
var27   96   97   0
var27   98   99   1


var28   0    1    3390
var28   2    3    0
var28   4    5    0
var28   6    7    0
var28   8    9    0
var28   10   11   0
var28   12   13   0
var28   14   15   0
var28   16   17   0
var28   18   19   0
var28   20   21   0
var28   22   23   0
var28   24   25   0
var28   26   27   0
var28   28   29   0
var28   30   31   0
var28   32   33   0
var28   34   35   0
var28   36   37   0
var28   38   39   0
var28   40   41   67
var28   42   43   0
var28   44   45   0
var28   46   47   0
var28   48   49   0
var28   50   51   0
var28   52   53   0
var28   54   55   0
var28   56   57   0
var28   58   59   0
var28   60   61   0
var28   62   63   0
var28   64   65   0
var28   66   67   0
var28   68   69   0
var28   70   71   0
var28   72   73   0
var28   74   75   0
var28   76   77   0
var28   78   79   0
var28   80   81   13
var28   82   83   0
var28   84   85   0
var28   86   87   0
var28   88   89   0
var28   90   91   0
var28   92   93   0
var28   94   95   0
var28   96   97   0
var28   98   99   1

var29   0      14    5
var29   28     42    7
var29   56     70    42
var29   84     98    119
var29   112    126   211
var29   140    154   323
var29   168    182   384
var29   196    210   318
var29   224    238   288
var29   252    266   160
var29   280    294   158
var29   308    322   165
var29   336    350   175
var29   364    378   168
var29   392    406   120
var29   420    434   150
var29   448    462   127
var29   476    490   113
var29   504    518   105
var29   532    546   63
var29   560    574   60
var29   588    602   47
var29   616    630   37
var29   644    658   39
var29   672    686   33
var29   700    714   17
var29   728    742   11
var29   756    770   8
var29   784    798   2
var29   812    826   4
var29   840    854   3
var29   868    882   1
var29   896    910   0
var29   924    938   2
var29   952    966   0
var29   980    994   0
var29   1008   1022  0
var29   1036   1050  1
var29   1064   1078  1
var29   1092   1106  0
var29   1120   1134  0
var29   1148   1162  0
var29   1176   1190  1
var29   1204   1218  0
var29   1232   1246  1
var29   1260   1274  1
var29   1288   1302  0
var29   1316   1330  0
var29   1344   1358  0
var29   1372   1386  1


var30   0     10   5
var30   20    30   7
var30   40    50   42
var30   60    70   119
var30   80    90   211
var30   100   110  323
var30   120   130  384
var30   140   150  318
var30   160   170  288
var30   180   190  160
var30   200   210  158
var30   220   230  165
var30   240   250  175
var30   260   270  168
var30   280   290  120
var30   300   310  150
var30   320   330  127
var30   340   350  113
var30   360   370  105
var30   380   390  63
var30   400   410  60
var30   420   430  47
var30   440   450  37
var30   460   470  39
var30   480   490  33
var30   500   510  17
var30   520   530  11
var30   540   550  8
var30   560   570  2
var30   580   590  4
var30   600   610  3
var30   620   630  1
var30   640   650  0
var30   660   670  2
var30   680   690  0
var30   700   710  0
var30   720   730  0
var30   740   750  1
var30   760   770  1
var30   780   790  0
var30   800   810  0
var30   820   830  0
var30   840   850  1
var30   860   870  0
var30   880   890  1
var30   900   910  1
var30   920   930  0
var30   940   950  0
var30   960   970  0
var30   980   990  1


var31   0      12    5
var31   24     36    7
var31   48     60    42
var31   72     84    119
var31   96     108   211
var31   120    132   323
var31   144    156   384
var31   168    180   318
var31   192    204   288
var31   216    228   160
var31   240    252   158
var31   264    276   165
var31   288    300   175
var31   312    324   168
var31   336    348   120
var31   360    372   150
var31   384    396   127
var31   408    420   113
var31   432    444   105
var31   456    468   63
var31   480    492   60
var31   504    516   47
var31   528    540   37
var31   552    564   39
var31   576    588   33
var31   600    612   17
var31   624    636   11
var31   648    660   8
var31   672    684   2
var31   696    708   4
var31   720    732   3
var31   744    756   1
var31   768    780   0
var31   792    804   2
var31   816    828   0
var31   840    852   0
var31   864    876   0
var31   888    900   1
var31   912    924   1
var31   936    948   0
var31   960    972   0
var31   984    996   0
var31   1008   1020  1
var31   1032   1044  0
var31   1056   1068  1
var31   1080   1092  1
var31   1104   1116  0
var31   1128   1140  0
var31   1152   1164  0
var31   1176   1188  1


var32   0      11    5
var32   22     33    7
var32   44     55    42
var32   66     77    119
var32   88     99    211
var32   110    121   323
var32   132    143   384
var32   154    165   318
var32   176    187   288
var32   198    209   160
var32   220    231   158
var32   242    253   165
var32   264    275   175
var32   286    297   168
var32   308    319   120
var32   330    341   150
var32   352    363   127
var32   374    385   113
var32   396    407   105
var32   418    429   63
var32   440    451   60
var32   462    473   47
var32   484    495   37
var32   506    517   39
var32   528    539   33
var32   550    561   17
var32   572    583   11
var32   594    605   8
var32   616    627   2
var32   638    649   4
var32   660    671   3
var32   682    693   1
var32   704    715   0
var32   726    737   2
var32   748    759   0
var32   770    781   0
var32   792    803   0
var32   814    825   1
var32   836    847   1
var32   858    869   0
var32   880    891   0
var32   902    913   0
var32   924    935   1
var32   946    957   0
var32   968    979   1
var32   990    1001  1
var32   1012   1023  0
var32   1034   1045  0
var32   1056   1067  0
var32   1078   1089  1


var33   0     10   1
var33   20    30   12
var33   40    50   69
var33   60    70   172
var33   80    90   195
var33   100   110  361
var33   120   130  273
var33   140   150  263
var33   160   170  266
var33   180   190  230
var33   200   210  185
var33   220   230  205
var33   240   250  205
var33   260   270  236
var33   280   290  174
var33   300   310  134
var33   320   330  90
var33   340   350  56
var33   360   370  60
var33   380   390  71
var33   400   410  66
var33   420   430  23
var33   440   450  18
var33   460   470  23
var33   480   490  23
var33   500   510  11
var33   520   530  3
var33   540   550  11
var33   560   570  5
var33   580   590  13
var33   600   610  7
var33   620   630  2
var33   640   650  1
var33   660   670  1
var33   680   690  0
var33   700   710  0
var33   720   730  1
var33   740   750  0
var33   760   770  2
var33   780   790  1
var33   800   810  1
var33   820   830  0
var33   840   850  0
var33   860   870  0
var33   880   890  0
var33   900   910  0
var33   920   930  0
var33   940   950  0
var33   960   970  0
var33   980   990  1


var34   0    1    1
var34   2    3    0
var34   4    5    0
var34   6    7    0
var34   8    9    0
var34   10   11   0
var34   12   13   0
var34   14   15   0
var34   16   17   0
var34   18   19   0
var34   20   21   0
var34   22   23   0
var34   24   25   176
var34   26   27   144
var34   28   29   196
var34   30   31   139
var34   32   33   116
var34   34   35   129
var34   36   37   139
var34   38   39   115
var34   40   41   103
var34   42   43   123
var34   44   45   129
var34   46   47   118
var34   48   49   91
var34   50   51   104
var34   52   53   100
var34   54   55   123
var34   56   57   96
var34   58   59   120
var34   60   61   73
var34   62   63   105
var34   64   65   129
var34   66   67   106
var34   68   69   101
var34   70   71   81
var34   72   73   46
var34   74   75   56
var34   76   77   75
var34   78   79   54
var34   80   81   26
var34   82   83   26
var34   84   85   36
var34   86   87   22
var34   88   89   53
var34   90   91   26
var34   92   93   57
var34   94   95   64
var34   96   97   48
var34   98   99   25


var35   0    1    0
var35   2    3    0
var35   4    5    0
var35   6    7    0
var35   8    9    0
var35   10   11   0
var35   12   13   0
var35   14   15   0
var35   16   17   0
var35   18   19   0
var35   20   21   0
var35   22   23   0
var35   24   25   0
var35   26   27   0
var35   28   29   0
var35   30   31   0
var35   32   33   0
var35   34   35   0
var35   36   37   0
var35   38   39   0
var35   40   41   0
var35   42   43   0
var35   44   45   0
var35   46   47   0
var35   48   49   0
var35   50   51   3471
var35   52   53   0
var35   54   55   0
var35   56   57   0
var35   58   59   0
var35   60   61   0
var35   62   63   0
var35   64   65   0
var35   66   67   0
var35   68   69   0
var35   70   71   0
var35   72   73   0
var35   74   75   0
var35   76   77   0
var35   78   79   0
var35   80   81   0
var35   82   83   0
var35   84   85   0
var35   86   87   0
var35   88   89   0
var35   90   91   0
var35   92   93   0
var35   94   95   0
var35   96   97   0
var35   98   99   0


var36   0     3    1041
var36   6     9    742
var36   12    15   377
var36   18    21   316
var36   24    27   256
var36   30    33   167
var36   36    39   149
var36   42    45   83
var36   48    51   69
var36   54    57   58
var36   60    63   38
var36   66    69   27
var36   72    75   34
var36   78    81   24
var36   84    87   12
var36   90    93   7
var36   96    99   12
var36   102   105  14
var36   108   111  9
var36   114   117  6
var36   120   123  6
var36   126   129  2
var36   132   135  1
var36   138   141  3
var36   144   147  0
var36   150   153  0
var36   156   159  2
var36   162   165  1
var36   168   171  1
var36   174   177  1
var36   180   183  2
var36   186   189  0
var36   192   195  2
var36   198   201  2
var36   204   207  0
var36   210   213  0
var36   216   219  0
var36   222   225  0
var36   228   231  1
var36   234   237  0
var36   240   243  1
var36   246   249  1
var36   252   255  0
var36   258   261  1
var36   264   267  1
var36   270   273  0
var36   276   279  0
var36   282   285  0
var36   288   291  1
var36   294   297  1



var37   0     2      1 
var37   4     6      0 
var37   8     10     0 
var37   12    14     0 
var37   16    18     0 
var37   20    22     0 
var37   24    26     0 
var37   28    30     0 
var37   32    34     0 
var37   36    38     0 
var37   40    42     0 
var37   44    46     0 
var37   48    50     0 
var37   52    54     0 
var37   56    58     0 
var37   60    62     0 
var37   64    66     0 
var37   68    70     0 
var37   72    74     0 
var37   76    78     0 
var37   80    82     0 
var37   84    86     0 
var37   88    90     0 
var37   92    94     0 
var37   96    98     0 
var37   100   102    0 
var37   104   106    0 
var37   108   110    0 
var37   112   114    0 
var37   116   118    0 
var37   120   122    0 
var37   124   126    0 
var37   128   130    0 
var37   132   134    0 
var37   136   138    0 
var37   140   142    0 
var37   144   146    0 
var37   148   150    0 
var37   152   154    0 
var37   156   158    0 
var37   160   162    0 
var37   164   166    0 
var37   168   170    0 
var37   172   174    0 
var37   176   178    0 
var37   180   182    0 
var37   184   186    0 
var37   188   190    0 
var37   192   194    0 
var37   196   198    3470


var38   0    1    1
var38   2    3    0
var38   4    5    3
var38   6    7    4
var38   8    9    5
var38   10   11   11
var38   12   13   48
var38   14   15   94
var38   16   17   115
var38   18   19   263
var38   20   21   264
var38   22   23   269
var38   24   25   339
var38   26   27   307
var38   28   29   222
var38   30   31   209
var38   32   33   217
var38   34   35   262
var38   36   37   226
var38   38   39   144
var38   40   41   94
var38   42   43   96
var38   44   45   56
var38   46   47   43
var38   48   49   34
var38   50   51   27
var38   52   53   26
var38   54   55   28
var38   56   57   8
var38   58   59   14
var38   60   61   8
var38   62   63   6
var38   64   65   5
var38   66   67   4
var38   68   69   6
var38   70   71   7
var38   72   73   0
var38   74   75   3
var38   76   77   2
var38   78   79   0
var38   80   81   0
var38   82   83   0
var38   84   85   0
var38   86   87   0
var38   88   89   0
var38   90   91   0
var38   92   93   0
var38   94   95   0
var38   96   97   0
var38   98   99   1


var38   0    1    1
var38   2    3    0
var38   4    5    3
var38   6    7    4
var38   8    9    5
var38   10   11   11
var38   12   13   48
var38   14   15   94
var38   16   17   115
var38   18   19   263
var38   20   21   264
var38   22   23   269
var38   24   25   339
var38   26   27   307
var38   28   29   222
var38   30   31   209
var38   32   33   217
var38   34   35   262
var38   36   37   226
var38   38   39   144
var38   40   41   94
var38   42   43   96
var38   44   45   56
var38   46   47   43
var38   48   49   34
var38   50   51   27
var38   52   53   26
var38   54   55   28
var38   56   57   8
var38   58   59   14
var38   60   61   8
var38   62   63   6
var38   64   65   5
var38   66   67   4
var38   68   69   6
var38   70   71   7
var38   72   73   0
var38   74   75   3
var38   76   77   2
var38   78   79   0
var38   80   81   0
var38   82   83   0
var38   84   85   0
var38   86   87   0
var38   88   89   0
var38   90   91   0
var38   92   93   0
var38   94   95   0
var38   96   97   0
var38   98   99   1

var39   0    1    1988
var39   2    3    630
var39   4    5    312
var39   6    7    191
var39   8    9    105
var39   10   11   12
var39   12   13   0
var39   14   15   3
var39   16   17   3
var39   18   19   4
var39   20   21   2
var39   22   23   3
var39   24   25   5
var39   26   27   3
var39   28   29   6
var39   30   31   4
var39   32   33   21
var39   34   35   10
var39   36   37   16
var39   38   39   13
var39   40   41   11
var39   42   43   5
var39   44   45   1
var39   46   47   3
var39   48   49   9
var39   50   51   13
var39   52   53   16
var39   54   55   7
var39   56   57   9
var39   58   59   8
var39   60   61   4
var39   62   63   4
var39   64   65   0
var39   66   67   0
var39   68   69   0
var39   70   71   0
var39   72   73   0
var39   74   75   0
var39   76   77   6
var39   78   79   0
var39   80   81   3
var39   82   83   2
var39   84   85   0
var39   86   87   19
var39   88   89   10
var39   90   91   4
var39   92   93   3
var39   94   95   0
var39   96   97   1
var39   98   99   2


var40   0    1    1
var40   2    3    0
var40   4    5    0
var40   6    7    0
var40   8    9    0
var40   10   11   0
var40   12   13   0
var40   14   15   0
var40   16   17   0
var40   18   19   0
var40   20   21   0
var40   22   23   0
var40   24   25   0
var40   26   27   0
var40   28   29   0
var40   30   31   0
var40   32   33   0
var40   34   35   0
var40   36   37   0
var40   38   39   0
var40   40   41   0
var40   42   43   0
var40   44   45   0
var40   46   47   0
var40   48   49   0
var40   50   51   0
var40   52   53   0
var40   54   55   0
var40   56   57   0
var40   58   59   0
var40   60   61   0
var40   62   63   0
var40   64   65   0
var40   66   67   0
var40   68   69   0
var40   70   71   0
var40   72   73   0
var40   74   75   0
var40   76   77   0
var40   78   79   0
var40   80   81   0
var40   82   83   0
var40   84   85   0
var40   86   87   88
var40   88   89   101
var40   90   91   201
var40   92   93   296
var40   94   95   434
var40   96   97   711
var40   98   99   1639


var41   0    1    0
var41   2    3    0
var41   4    5    0
var41   6    7    0
var41   8    9    0
var41   10   11   0
var41   12   13   0
var41   14   15   0
var41   16   17   0
var41   18   19   0
var41   20   21   0
var41   22   23   0
var41   24   25   0
var41   26   27   0
var41   28   29   0
var41   30   31   0
var41   32   33   0
var41   34   35   0
var41   36   37   0
var41   38   39   0
var41   40   41   0
var41   42   43   0
var41   44   45   0
var41   46   47   0
var41   48   49   0
var41   50   51   3471
var41   52   53   0
var41   54   55   0
var41   56   57   0
var41   58   59   0
var41   60   61   0
var41   62   63   0
var41   64   65   0
var41   66   67   0
var41   68   69   0
var41   70   71   0
var41   72   73   0
var41   74   75   0
var41   76   77   0
var41   78   79   0
var41   80   81   0
var41   82   83   0
var41   84   85   0
var41   86   87   0
var41   88   89   0
var41   90   91   0
var41   92   93   0
var41   94   95   0
var41   96   97   0
var41   98   99   0


var42   0    1    106048
var42   2    3    9616
var42   4    5    7346
var42   6    7    4678
var42   8    9    7143
var42   10   11   1914
var42   12   13   2011
var42   14   15   1210
var42   16   17   1781
var42   18   19   809
var42   20   21   400
var42   22   23   402
var42   24   25   606
var42   26   27   234
var42   28   29   268
var42   30   31   261
var42   32   33   407
var42   34   35   145
var42   36   37   90
var42   38   39   94
var42   40   41   106
var42   42   43   34
var42   44   45   46
var42   46   47   35
var42   48   49   17
var42   50   51   32
var42   52   53   16
var42   54   55   9
var42   56   57   3
var42   58   59   5
var42   60   61   2
var42   62   63   1
var42   64   65   0
var42   66   67   6
var42   68   69   0
var42   70   71   0
var42   72   73   0
var42   74   75   3
var42   76   77   0
var42   78   79   0
var42   80   81   0
var42   82   83   1
var42   84   85   0
var42   86   87   1
var42   88   89   1
var42   90   91   0
var42   92   93   0
var42   94   95   0
var42   96   97   0
var42   98   99   1


var43   0    1    643737
var43   2    3    9400
var43   4    5    3784
var43   6    7    2610
var43   8    9    1920
var43   10   11   1411
var43   12   13   899
var43   14   15   676
var43   16   17   442
var43   18   19   326
var43   20   21   297
var43   22   23   240
var43   24   25   174
var43   26   27   127
var43   28   29   95
var43   30   31   68
var43   32   33   47
var43   34   35   42
var43   36   37   27
var43   38   39   13
var43   40   41   15
var43   42   43   14
var43   44   45   12
var43   46   47   8
var43   48   49   4
var43   50   51   5
var43   52   53   4
var43   54   55   9
var43   56   57   1
var43   58   59   0
var43   60   61   5
var43   62   63   2
var43   64   65   1
var43   66   67   0
var43   68   69   1
var43   70   71   2
var43   72   73   0
var43   74   75   0
var43   76   77   2
var43   78   79   3
var43   80   81   5
var43   82   83   0
var43   84   85   0
var43   86   87   1
var43   88   89   0
var43   90   91   0
var43   92   93   1
var43   94   95   0
var43   96   97   1
var43   98   99   1


var44   0    1    4920
var44   2    3    5242
var44   4    5    2374
var44   6    7    1804
var44   8    9    843
var44   10   11   1965
var44   12   13   349
var44   14   15   1289
var44   16   17   70
var44   18   19   0
var44   20   21   0
var44   22   23   0
var44   24   25   0
var44   26   27   230
var44   28   29   439
var44   30   31   0
var44   32   33   0
var44   34   35   0
var44   36   37   0
var44   38   39   0
var44   40   41   0
var44   42   43   0
var44   44   45   0
var44   46   47   0
var44   48   49   0
var44   50   51   0
var44   52   53   0
var44   54   55   0
var44   56   57   0
var44   58   59   0
var44   60   61   0
var44   62   63   75
var44   64   65   0
var44   66   67   0
var44   68   69   0
var44   70   71   0
var44   72   73   0
var44   74   75   0
var44   76   77   0
var44   78   79   0
var44   80   81   0
var44   82   83   0
var44   84   85   0
var44   86   87   0
var44   88   89   0
var44   90   91   0
var44   92   93   0
var44   94   95   0
var44   96   97   0
var44   98   99   24


var45   0    1    80
var45   2    3    0
var45   4    5    0
var45   6    7    0
var45   8    9    0
var45   10   11   0
var45   12   13   0
var45   14   15   0
var45   16   17   0
var45   18   19   0
var45   20   21   0
var45   22   23   0
var45   24   25   0
var45   26   27   0
var45   28   29   0
var45   30   31   0
var45   32   33   0
var45   34   35   0
var45   36   37   0
var45   38   39   0
var45   40   41   0
var45   42   43   0
var45   44   45   0
var45   46   47   0
var45   48   49   0
var45   50   51   0
var45   52   53   0
var45   54   55   0
var45   56   57   0
var45   58   59   0
var45   60   61   0
var45   62   63   0
var45   64   65   0
var45   66   67   0
var45   68   69   0
var45   70   71   0
var45   72   73   0
var45   74   75   0
var45   76   77   0
var45   78   79   0
var45   80   81   0
var45   82   83   0
var45   84   85   0
var45   86   87   0
var45   88   89   0
var45   90   91   0
var45   92   93   0
var45   94   95   0
var45   96   97   0
var45   98   99   277600


var46   0    1    0
var46   2    3    0
var46   4    5    0
var46   6    7    0
var46   8    9    0
var46   10   11   0
var46   12   13   0
var46   14   15   0
var46   16   17   0
var46   18   19   0
var46   20   21   0
var46   22   23   0
var46   24   25   0
var46   26   27   0
var46   28   29   0
var46   30   31   0
var46   32   33   0
var46   34   35   0
var46   36   37   0
var46   38   39   0
var46   40   41   0
var46   42   43   0
var46   44   45   0
var46   46   47   0
var46   48   49   0
var46   50   51   728910
var46   52   53   0
var46   54   55   0
var46   56   57   0
var46   58   59   0
var46   60   61   0
var46   62   63   0
var46   64   65   0
var46   66   67   0
var46   68   69   0
var46   70   71   0
var46   72   73   0
var46   74   75   0
var46   76   77   0
var46   78   79   0
var46   80   81   0
var46   82   83   0
var46   84   85   0
var46   86   87   0
var46   88   89   0
var46   90   91   0
var46   92   93   0
var46   94   95   0
var46   96   97   0
var46   98   99   0


var47   0    1    0
var47   2    3    0
var47   4    5    0
var47   6    7    0
var47   8    9    0
var47   10   11   0
var47   12   13   0
var47   14   15   0
var47   16   17   0
var47   18   19   0
var47   20   21   0
var47   22   23   0
var47   24   25   0
var47   26   27   0
var47   28   29   0
var47   30   31   0
var47   32   33   0
var47   34   35   0
var47   36   37   0
var47   38   39   0
var47   40   41   0
var47   42   43   0
var47   44   45   0
var47   46   47   0
var47   48   49   0
var47   50   51   777504
var47   52   53   0
var47   54   55   0
var47   56   57   0
var47   58   59   0
var47   60   61   0
var47   62   63   0
var47   64   65   0
var47   66   67   0
var47   68   69   0
var47   70   71   0
var47   72   73   0
var47   74   75   0
var47   76   77   0
var47   78   79   0
var47   80   81   0
var47   82   83   0
var47   84   85   0
var47   86   87   0
var47   88   89   0
var47   90   91   0
var47   92   93   0
var47   94   95   0
var47   96   97   0
var47   98   99   0



var48   0    1    21
var48   2    3    0
var48   4    5    0
var48   6    7    0
var48   8    9    0
var48   10   11   0
var48   12   13   0
var48   14   15   0
var48   16   17   0
var48   18   19   0
var48   20   21   0
var48   22   23   0
var48   24   25   0
var48   26   27   0
var48   28   29   0
var48   30   31   0
var48   32   33   0
var48   34   35   0
var48   36   37   0
var48   38   39   0
var48   40   41   0
var48   42   43   0
var48   44   45   0
var48   46   47   0
var48   48   49   0
var48   50   51   0
var48   52   53   0
var48   54   55   0
var48   56   57   0
var48   58   59   0
var48   60   61   0
var48   62   63   0
var48   64   65   0
var48   66   67   0
var48   68   69   0
var48   70   71   0
var48   72   73   0
var48   74   75   0
var48   76   77   0
var48   78   79   0
var48   80   81   0
var48   82   83   0
var48   84   85   0
var48   86   87   0
var48   88   89   0
var48   90   91   0
var48   92   93   0
var48   94   95   0
var48   96   97   0
var48   98   99   395673


var49   0    1    1848
var49   2    3    0
var49   4    5    0
var49   6    7    0
var49   8    9    0
var49   10   11   0
var49   12   13   0
var49   14   15   0
var49   16   17   0
var49   18   19   0
var49   20   21   0
var49   22   23   0
var49   24   25   0
var49   26   27   0
var49   28   29   0
var49   30   31   0
var49   32   33   0
var49   34   35   0
var49   36   37   0
var49   38   39   0
var49   40   41   0
var49   42   43   0
var49   44   45   0
var49   46   47   0
var49   48   49   0
var49   50   51   0
var49   52   53   0
var49   54   55   0
var49   56   57   0
var49   58   59   0
var49   60   61   0
var49   62   63   0
var49   64   65   0
var49   66   67   0
var49   68   69   0
var49   70   71   0
var49   72   73   0
var49   74   75   0
var49   76   77   0
var49   78   79   0
var49   80   81   0
var49   82   83   0
var49   84   85   0
var49   86   87   0
var49   88   89   0
var49   90   91   0
var49   92   93   0
var49   94   95   0
var49   96   97   0
var49   98   99   945735