hs1   0   1      529.0000  
hs2   1   2      0.0000    
hs3   3   4      0.0000    
hs4   5   6      0.0000    
hs5   7   8      1.0000    
hs6   9   10     0.0000    
hs7   11  12     0.0000    
hs8   13  14     0.0000    
hs9   15  16     0.0000    
hs10  17  18     1.0000    
hs11  19  20     0.0000    
hs12  21  22     0.0000    
hs13  23  24     0.0000    
hs14  25  26     0.0000    
hs15  27  28     1.0000    
hs16  29  30     0.0000    
hs17  31  32     0.0000    
hs18  33  34     0.0000    
hs19  35  36     0.0000    
hs20  37  38     1.0000    
hs21  39  41     0.0000    
hs22  42  55     0.0000    
hs23  56  57     0.0000    
hs24  58  59     0.0000    
hs25  60  61     1.0000    
hs26  62  63     0.0000    
hs27  64  65     0.0000    
hs28  66  67     0.0000    
hs29  68  82     0.0000    
hs30  83  92     1.0000    
hs31  93  104    0.0000    
hs32  105 115    0.0000    
hs33  116 125    0.0000    
hs34  126 127    0.0000    
hs35  128 129    1.0000    
hs36  130 133    0.0000    
hs37  134 135    0.0000    
hs38  136 137    0.0000    
hs39  138 139    0.0000    
hs40  140 140    1.0000    
hs41  146 147    0.0000    
hs42  148 149    0.0000    
hs43  150 151    0.0000    
hs44  152 153    0.0000    
hs45  154 155    1.0000    
hs46  156 157    0.0000    
hs47  158 160    0.0000    
hs48  160 161    0.0000    
hs49  162 163    1.0000    